[-2.14517538 -0.49389117]
[-2.13113874 -0.58605325]
[-2.13516823 -0.58684578]
Point: [-2.13516823 -0.58684578], Function Value:-16.174580003263856, Accepted?: True*
[66.64070635 92.42593349]
[63.94156576 85.38462944]
[64.70170759 85.30433528]
[65.00120557 86.2108139 ]
[65.09618613 86.23211047]
[65.10805969 86.28788732]
Point: [65.10805969 86.28788732], Function Value:-16.25157031422505, Accepted?: True*
[61.92086237 85.03264821]
[64.94293989 87.09096792]
[65.33735271 86.5390672 ]
[65.14978798 86.33324282]
[65.10919603 86.30470888]
[65.11222679 86.2907566 ]
[65.10843503 86.28789628]
Point: [65.10843503 86.28789628], Function Value:-16.25157031355179, Accepted?: True*
[ -1.18179126 104.73716154]
[ -3.03640203 106.78673322]
[ -2.39418411 108.11476392]
[ -2.42395682 108.14997858]
[ -2.42263183 108.15286215]
Point: [ -2.42263183 108.15286215], Function Value:-18.149858532979696, Accepted?: True*
[ -0.98874329 152.53942069]
[ -2.30501293 140.42727169]
[  3.63222848 111.39076585]
[  3.44618169 108.29241573]
[ -2.51183118 108.30437038]
[ -2.51679881 108.16960643]
[ -2.42013095 108.16095565]
[ -2.42043319 108.15357672]
[ -2.42268433 108.15333684]
Point: [ -2.42268433 108.15333684], Function Value:-18.149858531717648, Accepted?: True*
[ -1.7830638  -24.58828599]
[ -8.33870216 -23.99817287]
[-6.32684238 -2.1003908 ]
[-1.89595092 -0.62843864]
[-1.9110964  -0.53870784]
[-2.1371232  -0.57715752]
[-2.13570546 -0.58844717]
[-2.13526355 -0.58847549]
[-2.13511243 -0.58671297]
Point: [-2.13511243 -0.58671297], Function Value:-16.17458000310289, Accepted?: True*
[-84.45488019 -60.57257231]
[-85.10206146 -60.93196209]
[-85.15313072 -60.96092161]
[-85.15748782 -60.96353587]
Point: [-85.15748782 -60.96353587], Function Value:-17.019819062698627, Accepted?: True*
[ 22.4907745  -94.71599122]
[ 29.94332346 -93.06437639]
[  33.4562135  -100.71093691]
[  31.94172818 -102.04563627]
[  32.30784115 -102.69977874]
[  32.4081659  -102.79985017]
[  32.39014328 -102.846026  ]
[  32.39842191 -102.85504963]
[  32.399264   -102.85436065]
Point: [  32.399264   -102.85436065], Function Value:-15.401827564887624, Accepted?: True*
[  2.41077122 106.31350416]
[  2.4109703  106.31473368]
[ -0.58240492 107.44331417]
[ -2.48871466 107.76141438]
[ -2.4607036 108.1183853]
[ -2.42037353 108.13185457]
[ -2.4225   108.151522]
[ -2.42287897 108.15260208]
Point: [ -2.42287897 108.15260208], Function Value:-18.1498585320319, Accepted?: True*
[ -3.13682898 108.52779813]
[ -2.85509613 107.88895711]
[ -2.41146081 107.98574823]
[ -2.42103889 108.13705626]
[ -2.42529382 108.15045142]
[ -2.42261651 108.15276104]
Point: [ -2.42261651 108.15276104], Function Value:-18.149858532934594, Accepted?: True*
