[-2.14507453 -0.49386795]
[-2.131184   -0.58592154]
[-2.13503019 -0.5867185 ]
Point: [-2.13503019 -0.5867185 ], Function Value:-16.174579107632198, Accepted?: True*
[69.44017137 99.05556944]
[71.78996765 92.69487739]
[67.55713916 87.00478619]
[65.6083778  87.36814917]
[65.17328112 86.4700812 ]
[65.17445559 86.32151095]
[65.10796104 86.28766664]
Point: [65.10796104 86.28766664], Function Value:-16.251570132650375, Accepted?: True*
[99.93720466 34.42636181]
[98.05283488 31.44544031]
[100.17740728  30.11596765]
[100.62386812  30.21484341]
[100.74860276  30.26077535]
[100.7858813   30.27467754]
[100.79708816  30.27879145]
[100.80044212  30.28006818]
[100.80146553  30.28045323]
Point: [100.80146553  30.28045323], Function Value:-13.33823714257148, Accepted?: True*
[90.58019494 39.66508425]
[89.19136079 37.82440965]
[99.73481783 29.16725938]
[100.60196603  29.98068121]
[100.72033728  30.24882522]
[100.77728355  30.27145174]
[100.79448903  30.27786579]
[100.79967702  30.27979102]
[100.80123747  30.28034833]
Point: [100.80123747  30.28034833], Function Value:-13.338237141409763, Accepted?: True*
[70.65783627  2.73364255]
[101.77069429 -15.09910519]
[115.83722968 -32.10579602]
[124.87588367 -69.09244755]
[106.76925766 -74.87277136]
[ 88.4319739  -64.84920009]
[ 85.88052605 -54.16409696]
[ 89.98403281 -53.66654438]
[ 90.12696611 -54.23608652]
[ 90.16301858 -54.2756044 ]
[ 90.16737568 -54.28204886]
Point: [ 90.16737568 -54.28204886], Function Value:-15.989900152196505, Accepted?: True*
[ -40.86999028 -115.08365861]
[ -37.99707695 -100.6530398 ]
[ -36.0294718  -100.60495744]
[ -36.00143825 -100.30148254]
[ -36.01992749 -100.29210206]
[ -36.01841936 -100.2878761 ]
Point: [ -36.01841936 -100.2878761 ], Function Value:-18.3575355560307, Accepted?: True*
[  42.77858652 -128.48198145]
[  39.379279   -126.51861244]
[  32.80399914 -104.14213207]
[  32.5873905  -103.21538713]
[  32.39637728 -102.97567573]
[  32.43435145 -102.89359287]
[  32.39913574 -102.85388765]
Point: [  32.39913574 -102.85388765], Function Value:-15.401826975771863, Accepted?: True*
[-91.17045262  24.54299673]
[-91.65700642  30.07223255]
[-98.48180501  29.39293033]
[-99.29090826  28.38704831]
[-99.43463174  27.94629223]
[-99.47911469  27.76975876]
[-99.49575273  27.6995588 ]
[-99.50215665  27.67173416]
[-99.50468985  27.66072995]
[-99.5057234   27.65635258]
[-99.50645873  27.65314033]
Point: [-99.50645873  27.65314033], Function Value:-16.650996050811486, Accepted?: True*
[-109.45772537  -78.77894202]
[-87.9288149  -60.97295987]
[-85.28679134 -61.26267659]
[-85.18882753 -60.95814573]
[-85.15830422 -60.96476538]
[-85.1579687  -60.96372281]
Point: [-85.1579687  -60.96372281], Function Value:-17.019818937718494, Accepted?: True*
[ -45.5114995  -133.13426705]
[-37.35923424 -99.94183979]
[-36.0494428  -99.58618204]
[ -35.88880422 -100.20600484]
[ -36.01889403 -100.28640859]
[ -36.01849598 -100.28800681]
Point: [ -36.01849598 -100.28800681], Function Value:-18.357535555441096, Accepted?: True*
[  41.63215699 -132.27153879]
[  31.96547909 -102.9310793 ]
[  32.38434054 -102.80892335]
[  32.39544841 -102.8416774 ]
[  32.39716085 -102.85090837]
[  32.39925972 -102.85279534]
[  32.39895869 -102.85379489]
Point: [  32.39895869 -102.85379489], Function Value:-15.401826975786133, Accepted?: False*
[ 68.98457889 -11.4134738 ]
[ 97.30635233 -24.23034503]
[106.27238748 -41.18210318]
[ 99.18811479 -57.63011389]
[ 92.02012876 -56.69356041]
[ 90.57664195 -54.68402557]
[ 90.21431366 -54.3579524 ]
[ 90.17789641 -54.29180555]
[ 90.16916194 -54.2847734 ]
[ 90.16850331 -54.28322308]
Point: [ 90.16850331 -54.28322308], Function Value:-15.989900160889476, Accepted?: True*
[-1.00293627  1.03991036]
[-1.07912291  1.08813731]
[-1.89961035 -0.20810562]
[-2.13504195 -0.58823013]
[-2.13554671 -0.587921  ]
[-2.13509917 -0.58696465]
Point: [-2.13509917 -0.58696465], Function Value:-16.17457910782964, Accepted?: True*
[-2.11884607 58.97205443]
[-11.38043718  64.64367554]
[-18.53916115  97.02939146]
[-15.8715169  109.19027931]
[ -6.68708366 111.37263108]
[ -2.07741628 110.04003958]
[ -2.26121275 108.36090854]
[ -2.44300031 108.27279966]
[ -2.42320406 108.15277595]
[ -2.42265108 108.15281344]
Point: [ -2.42265108 108.15281344], Function Value:-18.149853016389923, Accepted?: True*
[127.10111673  37.60699569]
[104.51868813  37.76499377]
[97.44192542 33.55714024]
[100.08456709  30.21074594]
[100.60874643  30.21054328]
[100.74428262  30.25921107]
[100.78451993  30.2741468 ]
[100.79663874  30.27866603]
[100.80033721  30.28003395]
[100.80142142  30.28042913]
Point: [100.80142142  30.28042913], Function Value:-13.338237142382456, Accepted?: False*
[-93.39625128 110.71020304]
[-63.45689897  89.54016689]
[-60.36726441  79.738565  ]
[-69.32197258  74.98717247]
[-69.76677932  74.93713611]
[-69.92587102  74.52658203]
[-69.91199923  74.5214751 ]
[-69.90465341  74.52295214]
[-69.90209761  74.53038024]
Point: [-69.90209761  74.53038024], Function Value:-13.928693617900477, Accepted?: True*
[ -2.7283483  146.41620406]
[  3.8378243  120.91094384]
[  1.33438429 106.74568809]
[ -2.53622303 107.36807488]
[ -2.48244806 108.08378398]
[ -2.41645179 108.11257976]
[ -2.42234907 108.15230249]
Point: [ -2.42234907 108.15230249], Function Value:-18.149853012839575, Accepted?: True*
