[-0.32086232 -0.07386985]
[-0.31990149 -0.07860649]
Point: [-0.31990149 -0.07860649], Function Value:-25.47339334190478, Accepted?: True*
[ 91.69086477 124.69913907]
[ 92.82733604 126.53718181]
[ 92.91705271 126.84588046]
[ 92.7283499  126.95393309]
Point: [ 92.7283499  126.95393309], Function Value:-19.837507346880045, Accepted?: False*
[ 1.44940132 -2.13285412]
[-0.36329523 -0.06922325]
[-0.34453774 -0.05178363]
[-0.31979084 -0.07838617]
[-0.31998157 -0.07857951]
Point: [-0.31998157 -0.07857951], Function Value:-25.47339334227765, Accepted?: True*
[-82.89338762 114.42026136]
[-89.51152981 128.96725378]
[-92.02711689 128.24576611]
[-92.8597479  126.43851327]
[-93.76856399 126.0315397 ]
[-93.77585888 126.04905345]
[-93.77509014 126.06293887]
[-93.75697803 126.07355309]
[-93.75227274 126.07326575]
[-93.74659892 126.07887215]
[-93.74673661 126.07923264]
Point: [-93.74673661 126.07923264], Function Value:-13.314003784144036, Accepted?: False*
[  48.77613777 -146.54986458]
[  48.44266026 -148.82781517]
[  48.58813756 -149.5080527 ]
[  48.45871016 -149.57299141]
[  48.44679291 -149.56106158]
Point: [  48.44679291 -149.56106158], Function Value:-18.736522114895827, Accepted?: True*
[-2.94715713  1.1300648 ]
[-1.46478904  1.69250069]
[-0.29065917 -0.08695413]
[-0.30677867 -0.09812697]
[-0.32019028 -0.07872472]
[-0.32000651 -0.07859473]
Point: [-0.32000651 -0.07859473], Function Value:-25.473393342242503, Accepted?: True*
[-127.74985709  -92.17483088]
[-127.40309181  -91.98759696]
[-127.30630093  -92.12863736]
[-127.28224569  -92.16148787]
[-127.27687531  -92.17003994]
[-127.27529385  -92.17049634]
[-127.274449    -92.17246189]
Point: [-127.274449    -92.17246189], Function Value:-17.71412653681721, Accepted?: True*
[-35.53025046 -26.41811287]
[-86.06448701 -56.27398   ]
[-86.40953461 -56.58233391]
[-83.50874563 -60.21738572]
[-83.49877425 -60.21164844]
[-83.49826005 -60.21245676]
Point: [-83.49826005 -60.21245676], Function Value:-24.487655337117886, Accepted?: True*
[ 32.02210672 -17.81056321]
[ 81.72867461 -62.42022086]
[ 81.93737445 -62.57550183]
[ 85.13591145 -58.28694426]
[ 84.95515997 -58.11123999]
[ 84.98375435 -58.07481061]
[ 84.98611756 -58.07283293]
[ 84.98589704 -58.07236987]
Point: [ 84.98589704 -58.07236987], Function Value:-22.977761127236917, Accepted?: True*
[ -41.08480458 -126.43192299]
[ -41.93113787 -125.51562259]
[-40.98742753 -96.96980174]
[-40.97589022 -96.77649072]
[-31.72898881 -97.2692607 ]
[-31.65129528 -97.60228917]
[-32.64725072 -97.92214512]
[-32.71232317 -97.78905329]
[-32.7131366  -97.78931163]
[-32.71340345 -97.7894747 ]
Point: [-32.71340345 -97.7894747 ], Function Value:-28.429694192545544, Accepted?: True*
[-146.78050488   47.68390907]
[-148.57992043   48.39691626]
[-149.2349638    48.50217652]
[-149.40251102   48.46041488]
[-149.76056461   47.93083717]
[-149.77046296   47.47810798]
[-149.74871847   47.47846597]
[-149.72921285   47.49903553]
[-149.72588704   47.54473798]
[-149.72268853   47.54873395]
Point: [-149.72268853   47.54873395], Function Value:-15.555168864011476, Accepted?: False*
[-100.98106765    6.97675715]
[-96.7843813   30.29717581]
[-98.07315834  30.62801925]
[-98.18819297  30.23094209]
[-98.18090449  30.22875792]
Point: [-98.18090449  30.22875792], Function Value:-22.0502849485921, Accepted?: True*
Point: [-228.85272745  -93.10327121], Function Value:0, Accepted?: False*
[ 1.28775761 49.14245858]
[  0.97097781 103.26122776]
[ -0.73270432 103.24465131]
[ -0.73341924 103.21721758]
[ -0.73384819 103.21721422]
[ -0.73385268 103.2176871 ]
Point: [ -0.73385268 103.2176871 ], Function Value:-29.528273822711576, Accepted?: True*
[-45.84498849 -32.51954102]
[-87.88401847 -52.61384061]
[-88.48454106 -53.03244258]
[-84.27480711 -59.37445386]
[-83.43125491 -60.10386745]
[-83.49507934 -60.21516946]
[-83.49846444 -60.21326669]
[-83.49827857 -60.21244395]
Point: [-83.49827857 -60.21244395], Function Value:-24.4876553370964, Accepted?: True*
[  55.6519964  -147.15780416]
[  47.56036149 -150.28395704]
[  47.37714816 -150.0178286 ]
[  48.21849833 -149.438471  ]
[  48.41987441 -149.54463503]
[  48.43381832 -149.56646964]
[  48.44699813 -149.5610469 ]
Point: [  48.44699813 -149.5610469 ], Function Value:-18.736522114898104, Accepted?: True*
[  87.30507671 -124.94559402]
[  42.27653542 -128.50695328]
[  41.35151306 -130.33428029]
[  43.75987807 -150.7615749 ]
[  44.00670557 -151.26982774]
[  48.65918247 -149.41736604]
[  48.68756977 -149.46274032]
[  48.48788762 -149.58725325]
[  48.44960101 -149.56301474]
[  48.44812901 -149.56045627]
[  48.44643855 -149.5611133 ]
Point: [  48.44643855 -149.5611133 ], Function Value:-18.736522113193658, Accepted?: True*
[-37.07462313 -95.87861823]
[-36.95961401 -95.67469473]
[-32.98403477 -97.63085218]
[-32.72426327 -97.80388832]
[-32.71305179 -97.78953008]
[-32.71334657 -97.7893319 ]
[-32.71343804 -97.78945035]
Point: [-32.71343804 -97.78945035], Function Value:-28.42969419262221, Accepted?: True*
[ -42.08348904 -127.57529142]
[ -49.90388628 -149.05185464]
[ -49.89528331 -149.14875668]
[ -49.13225345 -149.30336911]
[ -49.13142863 -149.31029104]
[ -49.13226615 -149.31042222]
[ -49.13251853 -149.31016194]
Point: [ -49.13251853 -149.31016194], Function Value:-20.97725799443515, Accepted?: True*
[-20.54128327 -55.27106104]
[-33.21477303 -97.23948771]
[-32.80261947 -97.8341881 ]
[-32.71299881 -97.79001799]
[-32.71335884 -97.78937949]
Point: [-32.71335884 -97.78937949], Function Value:-28.429694192125627, Accepted?: True*
[ -87.67272325 -129.12951897]
[ -85.61698946 -127.72894203]
[ -44.41679956 -133.28435086]
[ -47.80162334 -150.05725249]
[ -48.0665348  -150.13931347]
[ -48.37658955 -149.5315296 ]
[ -49.12058588 -149.3933024 ]
[ -49.13486125 -149.30969217]
[ -49.13329083 -149.30933525]
[ -49.13267289 -149.30983045]
[ -49.13271795 -149.31007077]
Point: [ -49.13271795 -149.31007077], Function Value:-20.977257994614913, Accepted?: False*
[ -47.68639655 -138.59885506]
[ -53.03967056 -147.75235871]
[ -49.76379977 -149.73997935]
[ -49.08102262 -149.34060004]
[ -49.09317911 -149.32084826]
[ -49.13023191 -149.31651779]
[ -49.13213626 -149.31136595]
[ -49.13201541 -149.31025668]
Point: [ -49.13201541 -149.31025668], Function Value:-20.97725799159709, Accepted?: False*
[-99.606839  -96.7527868]
[-107.62764871  -77.39505559]
[-90.51750281 -53.28547017]
[-90.42454838 -53.16448641]
[-84.50200969 -57.66853158]
[-84.04015253 -60.18521483]
[-83.491529   -60.24558852]
[-83.48926499 -60.21594581]
[-83.49838221 -60.21225878]
Point: [-83.49838221 -60.21225878], Function Value:-24.487655335798863, Accepted?: True*
[-1.15668331 -0.4536144 ]
[-0.31191603 -0.08896624]
[-0.31678113 -0.07720732]
[-0.32006499 -0.07855934]
Point: [-0.32006499 -0.07855934], Function Value:-25.473393341967604, Accepted?: True*
[-3.57756896 -0.81717611]
[-0.61143758  0.69432649]
[-0.23177589 -0.03282165]
[-0.31938636 -0.0799143 ]
[-0.32007819 -0.07858715]
Point: [-0.32007819 -0.07858715], Function Value:-25.473393341871574, Accepted?: True*
