[-6.00587419 -1.38271106]
[-5.9679902  -1.91555173]
[-6.01640495 -1.92342805]
[-6.01677417 -1.91972534]
Point: [-6.01677417 -1.91972534], Function Value:-13.59942964719139, Accepted?: True*
[104.77600452   7.60202332]
[95.04121705 14.51868339]
[95.82339385 31.4890811 ]
[96.36221447 31.67534109]
[96.56106342 31.55306703]
[96.55219288 31.52860316]
Point: [96.55219288 31.52860316], Function Value:-11.533496611806466, Accepted?: True*
[-14.84638523 110.96916908]
[-10.0764556  106.29089401]
[ -3.45063113 107.95109211]
[ -3.53958831 110.45554508]
[ -3.81150172 110.44743884]
[ -3.90059934 110.43964673]
[ -3.9299135 110.4332732]
[ -3.94758647 110.42439967]
[ -3.9454509  110.41096175]
[ -3.94468778 110.41108401]
[ -3.94442425 110.41493809]
Point: [ -3.94442425 110.41493809], Function Value:-14.50980055884107, Accepted?: True*
[ -8.46047357 125.35895374]
[ -4.80956569 109.38100904]
[ -3.78603409 109.89004238]
[ -3.88043898 110.44327037]
[ -3.92322975 110.43605583]
[ -3.93731433 110.43050306]
[ -3.94681456 110.42210608]
[ -3.94443813 110.41554123]
Point: [ -3.94443813 110.41554123], Function Value:-14.509800559251163, Accepted?: True*
[-70.42402285  76.45881141]
[-85.93926649  25.05825255]
[-91.81357204  20.29340091]
[-101.56717326   26.88373424]
[-101.01213372   28.21500538]
[-99.9761592   27.78661418]
[-99.98700331  27.75882801]
Point: [-99.98700331  27.75882801], Function Value:-14.672102801797287, Accepted?: True*
[-99.98700331  27.75882801]